178	42	228	155	584	137	111	50	236	368	284	461	52	505	160	337	33	516	48	311	260	188	642	200	453	460	437	262	449	70	288	373	606	519	279	522	23	115	181	303	618	557	316	154	126	81	165	
42	178	284	228	618	453	461	200	111	368	337	33	52	155	137	160	262	505	50	516	522	236	584	188	260	48	460	303	519	616	23	25	642	279	115	619	449	288	311	70	154	113	210	606	
137	368	505	111	52	284	101	178	50	236	228	461	42	188	155	337	260	200	48	618	33	516	584	519	642	152	303	449	23	453	437	288	279	25	311	373	460	160	606	522	357	81	557	619	70	115	616	156	83	
368	137	111	303	449	188	284	262	42	33	52	101	260	178	50	236	228	337	23	48	461	279	70	288	460	160	505	618	200	155	642	516	584	522	519	311	81	453	616	181	606	437	373	126	25	115	357	189	619	503	210	152	600	598	557	156	434	608	316	83	
111	284	155	519	461	160	311	368	303	137	228	52	48	50	42	101	33	178	236	505	188	337	23	584	288	279	516	200	642	260	152	25	70	262	618	449	357	460	522	81	616	453	437	557	373	115	434	122	606	181	210	149	503	154	619	241	600	598	165	113	316	156	128	608	83	
284	111	155	519	461	160	311	42	228	368	516	52	460	33	137	101	303	288	50	188	505	357	337	178	236	279	584	642	260	619	25	200	48	70	262	81	606	449	618	453	616	181	154	23	557	522	373	115	316	437	246	388	503	122	600	598	165	128	608	189	
155	111	284	519	461	160	311	52	188	48	178	584	33	200	505	460	42	50	236	449	137	288	642	368	260	337	262	453	279	618	522	152	557	228	23	516	303	70	606	154	616	81	181	437	165	113	
519	111	284	155	461	160	311	23	52	260	188	368	137	337	48	228	618	42	453	50	505	288	200	178	33	584	522	279	516	115	460	449	642	70	606	262	303	600	113	156	
461	111	284	155	519	160	311	618	453	200	42	50	52	188	33	460	137	505	368	236	178	262	48	279	642	25	303	260	449	288	606	584	228	337	522	23	101	70	516	557	616	115	81	246	437	210	370	165	113	316	
160	111	284	155	519	461	311	262	228	48	50	505	42	178	279	33	368	516	188	260	449	460	70	584	437	642	303	200	606	52	522	288	23	236	337	137	453	115	210	618	316	101	
311	111	284	155	519	461	160	228	200	236	188	516	449	50	52	48	33	178	505	368	262	23	279	460	137	288	642	337	618	42	70	453	584	303	260	210	522	122	115	101	187	
303	111	368	284	461	618	52	228	160	81	505	42	137	33	584	155	188	200	642	236	48	288	460	246	279	178	516	453	311	50	23	154	152	519	115	101	
52	516	262	284	460	50	461	155	188	228	111	48	137	101	368	200	33	42	236	505	311	178	584	279	642	260	519	618	453	303	449	522	337	606	160	23	70	181	288	434	115	189	557	616	210	128	619	165	316	25	437	
516	52	262	284	460	228	236	311	188	449	288	50	33	48	111	200	160	42	70	178	368	260	279	522	505	137	584	437	642	461	155	337	23	101	453	303	519	618	616	187	606	434	370	
262	52	516	160	228	48	368	461	42	33	188	111	50	260	155	288	505	584	284	311	236	178	460	522	337	115	23	449	210	200	453	618	437	519	101	357	279	
260	618	368	137	284	111	52	519	228	155	461	188	200	160	262	516	50	48	178	42	606	33	505	584	460	236	337	357	101	115	453	311	210	279	449	642	522	81	165	
618	260	453	461	200	42	368	228	52	137	111	236	505	303	584	155	50	188	33	284	449	519	311	460	178	516	619	262	642	279	337	160	113	
228	284	42	262	160	48	311	111	178	52	50	516	33	137	337	368	505	584	188	460	279	200	618	260	288	23	236	449	461	303	642	519	616	155	522	70	25	316	437	165	122	606	557	453	115	154	126	357	81	128	101	
48	262	160	228	33	52	155	111	288	50	368	23	516	311	188	461	460	137	284	505	178	260	584	642	279	42	522	557	236	519	337	453	70	437	357	303	154	122	449	101	210	606	619	152	187	200	
449	368	188	236	311	516	33	50	155	505	111	461	228	160	337	52	137	284	618	178	619	453	584	200	42	279	262	522	48	460	288	519	260	70	606	187	316	
188	449	368	155	52	236	311	516	284	606	111	461	33	50	279	48	23	228	505	137	160	200	262	337	260	70	519	42	178	437	618	453	642	460	154	303	557	126	25	288	522	584	115	503	122	101	316	608	
505	137	160	155	284	111	461	52	178	228	50	188	236	368	42	25	33	200	449	48	606	618	262	23	516	337	311	642	460	522	584	303	557	260	181	619	519	288	115	316	279	616	453	101	70	126	357	210	154	113	128	
33	48	368	284	155	228	111	516	200	461	50	52	42	188	449	160	178	262	505	522	311	584	137	260	618	460	642	303	279	23	557	236	115	519	25	288	616	81	337	453	152	70	101	189	606	
453	618	461	200	42	155	52	368	178	236	284	48	111	188	137	519	449	460	189	337	505	516	160	33	262	311	303	260	228	584	50	
200	618	453	461	42	311	155	52	33	111	516	584	137	188	368	236	228	284	505	260	178	160	70	25	337	303	519	50	616	449	288	210	262	279	606	522	460	81	619	23	115	48	
460	516	284	52	461	155	48	368	228	160	111	505	42	642	178	33	50	188	262	311	453	337	584	137	260	303	288	236	618	522	449	200	115	519	357	598	154	
50	52	461	228	160	111	516	288	284	178	137	236	368	33	155	48	188	449	311	505	42	262	260	618	642	606	115	460	437	70	519	154	337	522	210	200	584	279	303	23	453	126	101	152	
584	178	155	284	228	111	200	52	642	368	33	461	48	262	137	516	618	42	505	160	616	236	303	260	115	25	460	449	279	188	519	557	357	50	23	311	81	522	453	337	70	101	288	165	
101	52	137	284	111	368	461	516	505	357	260	48	33	188	50	584	303	262	311	228	160	
236	311	188	516	449	178	137	111	50	368	461	155	52	284	505	200	42	228	618	279	48	453	584	262	160	33	642	303	337	260	460	23	437	522	210	115	70	288	434	
288	516	50	284	48	368	111	155	228	23	461	262	152	137	52	160	519	505	178	311	188	33	303	154	42	200	460	449	522	642	70	606	584	236	437	
606	188	461	505	260	160	284	50	52	368	178	155	228	200	111	137	48	279	33	600	337	519	288	316	449	516	42	70	
357	284	111	48	368	584	137	260	101	505	228	460	115	262	
337	284	42	111	228	368	137	178	188	155	449	505	461	519	52	48	619	200	460	50	516	160	262	236	311	453	33	260	279	642	584	606	557	618	
23	368	48	111	188	519	228	288	505	311	461	137	52	155	33	42	284	160	516	178	262	584	236	70	303	50	200	
279	368	284	188	461	111	160	228	52	516	155	48	236	311	33	642	137	42	505	584	178	449	200	519	303	337	50	210	260	606	618	262	
70	368	111	516	188	284	160	461	200	52	48	437	178	50	228	155	311	33	505	42	23	137	519	642	449	584	288	236	128	606	
642	111	284	461	52	155	584	368	48	505	137	178	160	50	228	516	460	188	33	279	42	303	311	236	522	337	181	519	115	618	260	70	288	126	
619	284	449	337	505	42	618	137	368	200	52	48	111	
152	111	155	137	288	33	368	303	48	50	
25	284	505	111	461	200	584	42	228	137	368	188	33	52	
522	42	33	516	368	461	505	52	48	111	155	160	228	262	284	50	188	178	449	519	642	137	460	200	288	584	210	311	154	236	260	
437	188	160	516	137	178	70	48	50	368	111	228	284	236	461	262	155	288	52	
81	284	303	111	368	33	461	584	137	155	200	228	260	178	
557	155	505	48	111	284	188	33	461	584	52	178	137	228	316	337	368	
616	42	228	111	584	284	368	33	505	200	52	155	461	516	137	
115	50	584	505	111	52	284	33	368	42	262	178	188	519	260	461	460	160	228	642	137	311	303	357	200	236	
181	52	284	505	368	111	178	642	155	
154	188	284	50	48	288	155	522	111	505	42	178	228	303	460	
434	52	111	516	236	368	
373	111	284	368	178	137	
126	188	368	505	228	50	642	178	
210	50	262	200	111	52	311	522	279	260	461	48	160	368	505	236	42	
316	228	284	505	178	557	111	188	52	606	461	160	449	368	
189	52	453	368	33	165	284	
165	228	189	284	461	52	584	111	155	178	260	
122	228	48	111	188	311	284	
246	303	284	461	
149	111	
388	284	
370	461	516	
128	52	505	70	228	111	284	
503	111	284	368	188	
600	606	284	519	111	368	
241	111	
598	111	368	284	460	
113	505	155	42	461	618	519	111	
156	111	137	519	368	
187	48	516	311	449	
608	284	111	188	368	
83	137	111	368	
